84
322
177
866
325
288
441
448
449
442
444
116
579
446
873
176
291
586
290
585
440
282
281
124
83
583
443
439
166
567
707
566
568
10
8
6
7
9
11
569
745
304
351
419
564
168
348
711
696
754
695
582
736
738
718
293
40
352
584
760
580
702
888
298
710
746
299
752
706
889
90
92
91
740
321
721
763
742
715
743
755
545
445
565
751
318
767
700
699
333
297
300
735
712
768
756
749
750
748
703
704
717
698
747
317
766
86
306
720
714
693
765
723
292
911
737
713
563
562
517
560
561
551
552
554
553
701
556
559
546
550
549
547
555
557
548
734
558
57
708
85
326
296
709
719
705
716
335
762
733
739
739
725
758
732
764
728
761
362
744
697
753
727
729
694
730
726
724
731
769
66
95
305
741
722
323
294
447
316
63
303
320
295
319
759
302
928
309
308
310
311
930
312
313
931
314
315
929
307
757
807
573
154
114
669
287
463
286
883
157
157
365
865
859
342
462
783
353
857
436
164
117
519
453
454
156
574
341
161
479
340
159
155
363
61
909
910
122
324
361
58
359
570
452
459
507
460
450
179
431
426
520
88
510
509
508
158
423
506
890
121
461
679
418
817
421
498
458
544
879
368
457
858
349
884
499
160
464
488
577
803
131
165
357
70
80
852
806
478
853
344
360
343
854
466
856
543
511
367
89
907
522
497
896
932
358
71
78
72
74
332
886
94
79
62
162
373
601
606
97
613
46
372
664
615
616
605
794
598
587
587
371
47
594
604
595
621
618
617
396
620
607
596
593
597
346
622
603
49
591
395
623
619
600
625
608
624
626
627
628
629
611
48
793
397
630
637
868
399
638
631
50
632
612
398
639
634
375
633
635
614
827
871
869
870
602
640
788
872
402
643
644
289
645
636
646
641
42
96
401
647
400
650
649
609
43
123
592
648
377
403
655
171
654
610
658
651
656
653
642
657
659
44
123
661
376
45
123
660
662
599
663
374
652
899
899
899
899
899
899
899
54
54
54
54
54
54
54
54
54
54
381
390
389
388
388
388
41
816
394
385
53
393
175
834
835
112
105
106
845
113
172
173
51
846
812
144
784
843
55
183
841
849
844
391
386
334
283
590
847
330
104
848
111
863
52
101
139
143
588
1
864
108
387
790
900
174
184
850
837
384
380
392
383
785
787
786
786
354
893
818
782
851
102
842
5
779
180
836
141
821
838
347
382
839
142
140
182
100
138
840
103
773
107
137
181
369
819
75
811
169
820
146
813
145
109
110
824
370
98
825
12
14
13
30
21
28
17
25
20
18
23
15
29
22
24
26
16
19
27
797
798
31
115
578
147
780
378
898
861
829
329
867
32
781
781
781
781
781
781
781
781
781
135
832
331
791
792
136
118
796
833
831
134
589
119
379
830
887
826
799
33
34
35
36
125
126
789
127
814
128
129
38
37
148
337
366
39
191
204
206
205
195
208
193
194
198
190
202
199
196
200
185
93
197
201
901
328
209
210
132
904
795
905
422
280
211
189
214
207
203
215
221
217
225
227
903
226
186
230
228
229
231
902
232
192
233
897
235
188
236
237
216
223
220
212
222
224
218
219
238
241
239
243
240
242
356
244
213
246
187
245
234
906
76
3
2
249
250
248
420
251
255
247
254
257
355
823
822
345
828
860
258
778
259
60
256
260
262
265
264
263
261
266
581
81
252
267
275
87
338
56
99
253
77
327
4
2
268
269
270
271
272
273
274
64
276
339
67
350
277
278
279
493
475
476
409
682
411
805
908
926
804
923
776
692
670
69
777
880
336
809
530
808
489
473
935
681
527
675
680
410
674
484
301
59
677
538
540
539
416
810
477
541
533
892
150
364
429
528
531
514
504
435
686
167
502
406
427
800
178
690
532
913
665
412
526
485
891
130
133
689
894
415
771
482
438
481
912
920
503
432
500
688
881
862
515
516
922
524
414
529
537
534
683
676
668
491
815
774
924
667
480
285
685
772
576
413
673
68
469
468
925
417
437
153
404
678
513
501
915
536
149
407
684
65
572
691
775
919
917
505
875
878
494
916
876
483
770
525
434
430
801
151
496
882
120
487
472
927
877
486
874
428
467
408
512
535
933
492
405
672
671
470
855
495
490
542
73
474
284
895
666
433
802
575
885
82
163
914
456
451
455
152
934
518
471
921
170
425
465
687
424
521
523
571
918
